224
164
173
224
164
190
224
164
176
224
164
164
32
224
164
143
224
164
149
32
224
164
170
224
165
141
224
164
176
224
164
190
224
164
154
224
165
128
224
164
168
32
224
164
166
224
165
135
224
164
182
32
224
164
185
224
165
136
32
224
164
156
224
164
191
224
164
184
224
164
149
224
165
128
32
224
164
184
224
164
190
224
164
130
224
164
184
224
165
141
224
164
149
224
165
131
224
164
164
224
164
191
224
164
149
32
224
164
181
224
164
191
224
164
176
224
164
190
224
164
184
224
164
164
32
224
164
172
224
164
185
224
165
129
224
164
164
32
224
164
185
224
165
128
32
224
164
184
224
164
174
224
165
131
224
164
166
224
165
141
224
164
167
32
224
164
185
224
165
136
224
165
164
32
224
164
175
224
164
185
224
164
190
224
164
129
32
224
164
181
224
164
191
224
164
173
224
164
191
224
164
168
224
165
141
224
164
168
32
224
164
173
224
164
190
224
164
183
224
164
190
224
164
143
224
164
129
44
32
224
164
167
224
164
176
224
165
141
224
164
174
32
224
164
148
224
164
176
32
224
164
170
224
164
176
224
164
130
224
164
170
224
164
176
224
164
190
224
164
143
224
164
129
32
224
164
166
224
165
135
224
164
150
224
164
168
224
165
135
32
224
164
149
224
165
139
32
224
164
174
224
164
191
224
164
178
224
164
164
224
165
128
32
224
164
185
224
165
136
224
164
130
224
165
164
32
224
164
184
224
164
174
224
164
175
32
224
164
149
224
165
135
32
224
164
184
224
164
190
224
164
165
45
224
164
184
224
164
190
224
164
165
32
224
164
184
224
164
174
224
164
190
224
164
156
32
224
164
174
224
165
135
224
164
130
32
224
164
149
224
164
136
32
224
164
172
224
164
166
224
164
178
224
164
190
224
164
181
32
224
164
185
224
165
129
224
164
143
32
224
164
185
224
165
136
224
164
130
44
32
224
164
178
224
165
135
224
164
149
224
164
191
224
164
168
32
224
164
178
224
165
139
224
164
151
224
165
139
224
164
130
32
224
164
149
224
165
128
32
224
164
134
224
164
170
224
164
184
224
165
128
32
224
164
143
224
164
149
224
164
164
224
164
190
32
224
164
133
224
164
172
32
224
164
173
224
165
128
32
224
164
172
224
164
168
224
165
128
32
224
164
185
224
165
129
224
164
136
32
224
164
185
224
165
136
224
165
164
10
10
224
164
149
224
164
191
224
164
184
224
164
190
224
164
168
32
224
164
151
224
164
190
224
164
129
224
164
181
32
224
164
149
224
165
128
32
224
164
176
224
165
128
224
164
162
224
164
188
32
224
164
174
224
164
190
224
164
168
224
165
135
32
224
164
156
224
164
190
224
164
164
224
165
135
32
224
164
185
224
165
136
224
164
130
224
165
164
32
224
164
181
224
165
135
32
224
164
166
224
164
191
224
164
168
45
224
164
176
224
164
190
224
164
164
32
224
164
174
224
165
135
224
164
185
224
164
168
224
164
164
32
224
164
149
224
164
176
224
164
149
224
165
135
32
224
164
133
224
164
168
224
165
141
224
164
168
32
224
164
137
224
164
151
224
164
190
224
164
164
224
165
135
32
224
164
185
224
165
136
224
164
130
224
165
164
32
224
164
174
224
164
190
224
164
168
224
164
184
224
165
130
224
164
168
32
224
164
149
224
165
135
32
224
164
184
224
164
174
224
164
175
32
224
164
172
224
164
190
224
164
176
224
164
191
224
164
182
32
224
164
137
224
164
168
224
164
149
224
165
128
32
224
164
171
224
164
184
224
164
178
224
165
139
224
164
130
32
224
164
149
224
165
135
32
224
164
178
224
164
191
224
164
143
32
224
164
181
224
164
176
224
164
166
224
164
190
224
164
168
32
224
164
184
224
164
190
224
164
172
224
164
191
224
164
164
32
224
164
185
224
165
139
224
164
164
224
165
128
32
224
164
185
224
165
136
44
32
224
164
178
224
165
135
224
164
149
224
164
191
224
164
168
32
224
164
149
224
164
173
224
165
128
45
224
164
149
224
164
173
224
165
128
32
224
164
133
224
164
167
224
164
191
224
164
149
32
224
164
181
224
164
176
224
165
141
224
164
183
224
164
190
32
224
164
175
224
164
190
32
224
164
184
224
165
130
224
164
150
224
164
190
32
224
164
137
224
164
168
224
164
149
224
165
135
32
224
164
178
224
164
191
224
164
143
32
224
164
154
224
165
129
224
164
168
224
165
140
224
164
164
224
165
128
32
224
164
173
224
165
128
32
224
164
172
224
164
168
32
224
164
156
224
164
190
224
164
164
224
164
190
32
224
164
185
224
165
136
224
165
164
10
10
73
110
100
105
97
32
105
115
32
111
110
101
32
111
102
32
116
3457
32
102
97
115
116
101
115
116
45
103
114
111
119
105
110
103
32
101
99
111
110
111
109
105
101
115
32
105
110
32
116
3457
32
371
114
108
100
46
32
79
118
101
114
32
116
3457
32
112
97
115
116
32
102
101
119
32
100
101
99
97
100
101
115
44
32
97
100
118
97
110
99
101
109
101
110
116
115
32
105
110
32
116
101
99
104
110
111
108
111
103
121
44
32
101
100
117
99
97
116
105
111
110
44
32
97
110
100
32
105
110
102
114
97
115
116
114
117
99
116
117
114
101
32
104
97
118
101
32
112
114
111
112
101
108
2911
100
32
116
3457
32
99
111
117
110
116
114
121
32
111
110
116
111
32
116
3457
32
103
108
111
98
97
108
32
115
116
97
1406
46
32
89
111
117
110
103
32
101
110
116
114
101
112
114
101
110
101
117
114
115
32
97
110
100
32
105
110
110
111
118
97
116
111
114
115
32
97
114
101
32
99
111
110
116
114
105
98
117
116
105
110
103
32
116
111
32
116
104
105
115
32
103
114
111
119
116
104
32
105
110
32
114
101
109
97
114
4010
98
2911
32
119
97
121
115
46
10
10
69
100
117
99
97
116
105
111
110
32
104
97
115
32
112
108
97
121
101
100
32
97
32
118
105
116
97
108
32
114
111
2911
32
105
110
32
115
104
97
112
105
110
103
32
109
111
100
101
114
110
32
73
110
100
105
97
46
32
87
105
116
104
32
98
101
116
116
101
114
32
97
99
99
101
115
115
32
116
111
32
115
99
104
111
111
108
115
32
97
110
100
32
117
110
105
118
101
114
115
105
116
105
101
115
44
32
115
116
117
100
101
110
116
115
32
102
114
111
109
32
114
117
114
97
108
32
97
110
100
32
117
114
98
97
110
32
114
101
103
105
111
110
115
32
97
114
101
32
1406
116
116
105
110
103
32
101
113
117
97
108
32
111
112
112
111
114
116
117
110
105
116
105
101
115
46
10
10
224
164
170
224
164
176
224
165
141
224
164
175
224
164
190
224
164
181
224
164
176
224
164
163
32
224
164
184
224
164
130
224
164
176
224
164
149
224
165
141
224
164
183
224
164
163
32
224
164
134
224
164
156
32
224
164
149
224
165
135
32
224
164
184
224
164
174
224
164
175
32
224
164
149
224
165
128
32
224
164
184
224
164
172
224
164
184
224
165
135
32
224
164
172
224
164
161
224
164
188
224
165
128
32
224
164
134
224
164
181
224
164
182
224
165
141
224
164
175
224
164
149
224
164
164
224
164
190
32
224
164
185
224
165
136
224
165
164
32
224
164
184
224
165
141
224
164
181
224
164
154
224
165
141
224
164
155
32
224
164
185
224
164
181
224
164
190
44
32
224
164
184
224
165
141
224
164
181
224
164
154
224
165
141
224
164
155
32
224
164
156
224
164
178
32
224
164
148
224
164
176
32
224
164
185
224
164
176
224
164
191
224
164
175
224
164
190
224
164
178
224
165
128
32
224
164
149
224
165
135
32
224
164
172
224
164
191
224
164
168
224
164
190
32
224
164
156
224
165
128
224
164
181
224
164
168
32
224
164
149
224
165
128
32
224
164
149
224
164
178
224
165
141
224
164
170
224
164
168
224
164
190
32
224
164
149
224
164
176
224
164
168
224
164
190
32
224
164
133
224
164
184
224
164
130
224
164
173
224
164
181
32
224
164
185
224
165
136
224
165
164
32
224
164
185
224
164
174
224
165
135
224
164
130
32
224
164
174
224
164
191
224
164
178
224
164
149
224
164
176
32
224
164
144
224
164
184
224
165
135
32
224
164
149
224
164
166
224
164
174
32
224
164
137
224
164
160
224
164
190
224
164
168
224
165
135
32
224
164
154
224
164
190
224
164
185
224
164
191
224
164
143
32
224
164
156
224
165
139
32
224
164
134
224
164
168
224
165
135
32
224
164
181
224
164
190
224
164
178
224
165
128
32
224
164
170
224
165
128
224
164
162
224
164
188
224
164
191
224
164
175
224
165
139
224
164
130
32
224
164
149
224
165
135
32
224
164
178
224
164
191
224
164
143
32
224
164
170
224
165
141
224
164
176
224
164
149
224
165
131
224
164
164
224
164
191
32
224
164
149
224
165
139
32
224
164
184
224
165
129
224
164
176
224
164
149
224
165
141
224
164
183
224
164
191
224
164
164
32
224
164
176
224
164
150
32
224
164
184
224
164
149
224
165
135
224
164
130
224
165
164
